# C-O distance (Å), Energy (kJ/mol)
2.998153515588138252e+00 0.000000000000000000e+00
2.939848321620166516e+00 -8.834923443030174894e+01
2.834381576513628431e+00 -1.291809689278798032e+02
2.775888668310441787e+00 -1.372779349470058605e+02
2.705220543291217083e+00 -1.374487125416762865e+02
2.623698695955301918e+00 -1.445386873588968228e+02
2.550094755644865430e+00 -1.427637077837728157e+02
2.475173442160652826e+00 -1.377624063853941152e+02
2.400584463605943242e+00 -1.318571165002995258e+02
2.327193004815005573e+00 -1.253598018532698006e+02
2.253894079176312015e+00 -1.199770091240300189e+02
2.181291549042256861e+00 -1.176058924577373546e+02
2.099449957180390847e+00 -1.206390079765860719e+02
2.025020819353877677e+00 -1.267922125740665251e+02
1.950018241041934219e+00 -1.383879165797097812e+02
1.875064237960850866e+00 -1.542267347165957290e+02
1.800037593419108184e+00 -1.727820803089616675e+02
1.725146885251441775e+00 -1.927214705290855363e+02
1.650000000053019278e+00 -2.558230396899894004e+02
1.575000000050597704e+00 -3.076966771803654410e+02
1.500000000948202628e+00 -3.312297745527689585e+02
1.425000000287924840e+00 -3.382066271006237912e+02
1.350000000044566884e+00 -3.264554638821177832e+02
1.275000000062141536e+00 -2.864540316422844626e+02
1.200000000040297499e+00 -2.042970399431164878e+02
