# C-O distance (Å), Relative energy (Hartree)
2.998153515588138252e+00 -9.544557980629660960e+02
2.939848321620166516e+00 -9.544894420974026161e+02
2.834381576513628431e+00 -9.545049911204405362e+02
2.775888668310441787e+00 -9.545080745043015895e+02
2.705220543291217083e+00 -9.545081395376582805e+02
2.623698695955301918e+00 -9.545108394519070316e+02
2.550094755644865430e+00 -9.545101635267070606e+02
2.475173442160652826e+00 -9.545082589945675409e+02
2.400584463605943242e+00 -9.545060102170027676e+02
2.327193004815005573e+00 -9.545035359920800602e+02
2.253894079176312015e+00 -9.545014861852524746e+02
2.181291549042256861e+00 -9.545005832466895299e+02
2.099449957180390847e+00 -9.545017382792557328e+02
2.025020819353877677e+00 -9.545040814645556111e+02
1.950018241041934219e+00 -9.545084971934229543e+02
1.875064237960850866e+00 -9.545145287311750053e+02
1.800037593419108184e+00 -9.545215947424439946e+02
1.725146885251441775e+00 -9.545291878080266770e+02
1.650000000053019278e+00 -9.545532173469302961e+02
1.575000000050597704e+00 -9.545729712073607516e+02
1.500000000948202628e+00 -9.545819327829024132e+02
1.425000000287924840e+00 -9.545845896193638964e+02
1.350000000044566884e+00 -9.545801146904916550e+02
1.275000000062141536e+00 -9.545648818526242394e+02
1.200000000040297499e+00 -9.545335958694943201e+02
