# C-O distance (Å), Energy (kJ/mol)
2.999294693053391025e+00 0.000000000000000000e+00
2.932116215214142674e+00 -2.311166986885446022e+02
2.851302267960372561e+00 -2.934417494284775785e+02
2.775225007291168389e+00 -3.477064287527864508e+02
2.700353505289800893e+00 -3.677743176456506262e+02
2.624723124910123939e+00 -3.788408200942749318e+02
2.550290264391131601e+00 -3.784268592037351482e+02
2.474968766650412544e+00 -3.758266359914041459e+02
2.399933017510627042e+00 -3.715318775008245211e+02
2.325220650781818055e+00 -3.657626060725210664e+02
2.250106076744813333e+00 -3.589794705412632538e+02
2.175052838479668793e+00 -3.517147946113036596e+02
2.100055344206393837e+00 -3.459964154747576686e+02
2.025765406332364460e+00 -3.552468014295868670e+02
1.950003459249968651e+00 -3.838439061879871588e+02
1.874988967523064209e+00 -4.038231864742078869e+02
1.799993980344133826e+00 -4.254516563752586080e+02
1.725043001207947180e+00 -4.476839666546234184e+02
1.650000000053009730e+00 -4.803165338669386983e+02
1.575000000050597038e+00 -5.295828654661909241e+02
1.500000000085232044e+00 -5.436572488149831770e+02
1.425000000045925308e+00 -5.422467545139384129e+02
1.350000000043378723e+00 -5.220480608154025504e+02
1.275000000040964032e+00 -4.730713973909155357e+02
1.200000000038566883e+00 -3.805990204093241118e+02
