# C-O distance (Å), Relative energy (Hartree)
2.999294693053391025e+00 -1.334416724704006128e+03
2.932116215214142674e+00 -1.334504735632676557e+03
2.851302267960372561e+00 -1.334528469467687955e+03
2.775225007291168389e+00 -1.334549133854330876e+03
2.700353505289800893e+00 -1.334556775853147656e+03
2.624723124910123939e+00 -1.334560990058192829e+03
2.550290264391131601e+00 -1.334560832418859036e+03
2.474968766650412544e+00 -1.334559842234848247e+03
2.399933017510627042e+00 -1.334558206759413906e+03
2.325220650781818055e+00 -1.334556009778671978e+03
2.250106076744813333e+00 -1.334553426711066777e+03
2.175052838479668793e+00 -1.334550660269356968e+03
2.100055344206393837e+00 -1.334548482668771840e+03
2.025765406332364460e+00 -1.334552005283377639e+03
1.950003459249968651e+00 -1.334562895269957380e+03
1.874988967523064209e+00 -1.334570503525968888e+03
1.799993980344133826e+00 -1.334578739805443774e+03
1.725043001207947180e+00 -1.334587206031749702e+03
1.650000000053009730e+00 -1.334599632751937179e+03
1.575000000050597038e+00 -1.334618393731220976e+03
1.500000000085232044e+00 -1.334623753359305056e+03
1.425000000045925308e+00 -1.334623216232762388e+03
1.350000000043378723e+00 -1.334615524422519229e+03
1.275000000040964032e+00 -1.334596873750994291e+03
1.200000000038566883e+00 -1.334561659593727882e+03
